#' @title Complete list of croix palettes
#'
#' @description Use \code{\link{croix_palette}} to construct palettes of
#'    desired length.
#'
#' @export
croix_palettes <- list(
    croix_apricot = c(
        "#EC9E0A", "#E4E0E1", "#D06D0F", "#C1BCBF",
        "#151F59", "#7F868E", "#E6A26D", "#20A4A4"
    ),
    croix_berry = c(
        "#C691B6", "#B37CA3", "#D4AAC7", "#E5C0D8",
        "#A1648E", "#172664", "#1784AD", "#65689C"
    ),
    croix_coconut = c(
        "#E5E4E6", "#E0CFBE", "#CDB296", "#19296E",
        "#B0B7BC", "#2299BB", "#978580", "#96461E"
    ),
    croix_cran_raspberry = c(
        "#E48887", "#EDA8A6", "#C56869", "#BC8586",
        "#182764", "#73627C", "#1985A4", "#D4CACA"
    ),
    croix_pure = c(
        "#B5E0EC", "#98C6D5", "#5DC5DC", "#43A2BA",
        "#0E266B", "#80A3B2", "#0991C4", "#CBC8C9"
    ),
    croix_key_lime = c(
        "#0B8733", "#91D30C", "#65AB10", "#11205D",
        "#CBD8BF", "#8CBF70", "#ECED05", "#BE5416"
    ),
    croix_lemon = c(
        "#F0E086", "#CBB864", "#EFC805", "#CEA407",
        "#142265", "#80875C", "#1689B0", "#BFBFBB"
    ),
    croix_lime = c(
        "#9CC26D", "#7FAA4E", "#B7D68F", "#0C1F69",
        "#D2DEB9", "#209E13", "#088BB3", "#52857A"
    ),
    croix_mango = c(
        "#86BF0C", "#E8E8E9", "#121E5A", "#CECECD",
        "#379A53", "#B3B8A6", "#7F8B96", "#E64313"
    ),
    croix_orange = c(
        "#F2B855", "#EE9916", "#C97912", "#CB973E",
        "#16265E", "#767250", "#128992", "#C9C3BE"
    ),
    croix_pamplemousse = c(
        "#EFC38E", "#CA9C68", "#D8848A", "#F3A5A8",
        "#1F3172", "#837985", "#2293AF", "#C1BCBC"
    ),
    croix_passionfruit = c(
        "#EC6883", "#C84163", "#E7E3E8", "#CEC3C9",
        "#15215E", "#507F9B", "#AF99AA", "#AEBF1A"
    ),
    croix_peach_pear = c(
        "#DABC86", "#E6E3A5", "#DC9067", "#9F9674",
        "#1F3070", "#2695AD", "#E54613", "#BFC4BE"
    ),
    croix_tangerine = c(
        "#ECA024", "#F3B854", "#D5701F", "#101D5D",
        "#4F4A61", "#978955", "#D0C9C3", "#28ACA0"
    ),
    mov_a_clockwork_orange = c(
        "#D8C406", "#C28204", "#F95F33", "#DF2318", "#45161C",
        "#1D131B", "#23284E", "#2557D0", "#233C26", "#1A1C17"
    ),
    mov_akira = c(
        "#115363", "#9D3011", "#5C4356", "#7EA030", "#7E2835",
        "#756B2E", "#02182E", "#9E0402", "#1A3330", "#1F2549"
    ),
    mov_aladdin = c(
        "#CA3904", "#9A3113", "#99261F", "#6E2133", "#3D031B",
        "#26082C", "#09132E", "#04066D", "#443B7E", "#4E819E"
    ),
    mov_alien = c(
        "#0B3242", "#0A1A1A", "#000000", "#232E30", "#445766",
        "#AFBACC", "#D4D9DC", "#B7A29F", "#764B55", "#362722"
    ),
    mov_american_beauty = c(
        "#E2A9B2", "#AF6B84", "#77404C", "#4D222B", "#341211",
        "#2B0105", "#490102", "#7B0400", "#860315", "#B8133D"
    ),
    mov_alice = c(
        "#C97F12", "#D0585A", "#750616", "#642013", "#A73906",
        "#BD654D", "#C7AA9B", "#9A945F", "#835F13", "#302F1A"
    ),
    mov_american_psycho = c(
        "#2D262D", "#69625A", "#707686", "#CCCEDB", "#FBEBEB",
        "#BEA098", "#6F4D4B", "#452822", "#240E11", "#0D0709"
    ),
    mov_annie_hall = c(
        "#0D0908", "#2B1919", "#70514F", "#B28E92", "#D2ACA9",
        "#C9C1B6", "#99978B", "#232B20", "#272018", "#412116"
    ),
    mov_arrow_video = c(
        "#D8D435", "#01A8AE", "#30A355", "#B95996", "#E75234"
    ),
    mov_birdman = c(
        "#2D3B48", "#747A86", "#1F2533", "#1B3546", "#53637C",
        "#B8B9AB", "#9BC3B8", "#A68E9E", "#07111B", "#143449"
    ),
    mov_blade_runner = c(
        "#6D3F42", "#946C86", "#654F7E", "#3C2E48", "#182132",
        "#223F6B", "#547FA2", "#94B4B3", "#69C0B8", "#216B64"
    ),
    mov_blue_velvet = c(
        "#000103", "#120807", "#1E0606", "#3F0C11", "#5A050C",
        "#79022A", "#971E54", "#E15C9E", "#FDA9DD", "#F3BCC9"
    ),
    mov_corpsebride = c(
        "#122937", "#5B737F", "#D1F3FF", "#B3D3FC", "#4771A3",
        "#19375B", "#142132", "#030917", "#18192D", "#323956"
    ),
    mov_deadpool = c(
        "#1B0909", "#3C0E11", "#5E2430", "#87515F", "#A08B8A",
        "#CACAD4", "#7F8595", "#354151", "#131C21", "#070C0F"
    ),
    mov_django_unchained = c(
        "#0C0B11", "#151422", "#09274D", "#435680", "#645461",
        "#996C6A", "#D09170", "#FCB479", "#9E8173", "#8A5D4A"
    ),
    mov_edward_scissorhands = c(
        "#5D709B", "#B3897B", "#5F5D22", "#7C554E", "#F59886",
        "#E0C1B6", "#C67DB4", "#A9A96B", "#9692A0", "#F46E4B"
    ),
    mov_fargo = c(
        "#41494B", "#190A07", "#52382B", "#3C1414", "#FFBCCF",
        "#AA7B75", "#47423C", "#5C0806", "#E1ECFE", "#FE7A88"
    ),
    mov_fear_and_loathing_in_las_vegas = c(
        "#6F3F19", "#A68166", "#D2382E", "#FFDCC9", "#D79460",
        "#FFBE46", "#903F00", "#2F130F", "#5A5865", "#3E350C"
    ),
    mov_ferris_buellers_day_off = c(
        "#775B4F", "#F7C7B9", "#D5D9FC", "#2F3744", "#8695AA",
        "#C4C3C8", "#4A5A67", "#0D0B10", "#817775", "#241A19"
    ),
    mov_fight_club = c(
        "#292B15", "#99D4E6", "#08171C", "#5B1714", "#A69B6E",
        "#F2BE37", "#C0B9E5", "#E0E0E2", "#30DDA7", "#010207"
    ),
    mov_forrest_gump = c(
        "#162512", "#211E17", "#817D36", "#704B2F", "#B2B0C5",
        "#CFACB3", "#DFD3BC", "#6F7BA5", "#6C7771", "#ABBC60"
    ),
    mov_frozen = c(
        "#BEC4F8", "#A6ABEF", "#6A6DDE", "#4D42CF", "#713D8F",
        "#A160A0", "#EB6EB0", "#F597BB", "#FCB7C9", "#F8D4D8"
    ),
    mov_mad_max_fury_road = c(
        "#0D646B", "#16383A", "#414640", "#B88F73", "#FFD2B5",
        "#ED8F49", "#E27812", "#5C2A09", "#2E1612", "#0F1217"
    ),
    mov_napoleon_dynamite = c(
        "#3E0D10", "#94635E", "#58619C", "#C19733", "#3E2123",
        "#9D3303", "#D1CDDC", "#4D3F3F", "#7C434A", "#0F040A"
    ),
    mov_pulp_fiction = c(
        "#060408", "#BA8B5F", "#EBDAC0", "#710906", "#241206",
        "#4A403F", "#3E5BFF", "#280203", "#161908", "#343A36"
    ),
    mov_resevoir_dogs = c(
        "#513F4F", "#4E1B0A", "#2C191D", "#9B5764", "#4B577D",
        "#5C373E", "#62090D", "#D8BCE2", "#19080E", "#A67D83"
    ),
    mov_silence_of_the_lambs = c(
        "#726554", "#371A16", "#A45D4A", "#C6BEBB", "#9A1E00",
        "#120D09", "#613613", "#80371E", "#DCB8A2", "#4C0D00"
    ),
    mov_the_matrix = c(
        "#060407", "#0B1013", "#841211", "#1E2E2D", "#344745",
        "#60807B", "#7D9A88", "#9DBEB3", "#C1D6C7", "#DCEEF2"
    ),
    mov_star_wars_ep_v = c(
        "#3B241E", "#495B83", "#2A2432", "#F46249", "#87758D",
        "#849DB3", "#4D331A", "#E5BFA8", "#97AD96", "#1A1E3B"
    ),
    mov_taxi_driver = c(
        "#271B1D", "#ABA5A7", "#5D474A", "#443A32", "#735D34",
        "#784542", "#857983", "#230D10", "#AB9392", "#5B6042"
    ),
    mov_the_big_lebowski = c(
        "#6A6D76", "#71270E", "#272729", "#755347", "#9FA5E3",
        "#978E7F", "#455A5B", "#663E0D", "#825167", "#39394D"
    ),
    mov_the_godfather = c(
        "#1F191B", "#502A17", "#854C16", "#1C1B17", "#CFBF9D",
        "#BF2316", "#F0E7BC", "#EFAC58", "#B97F1B", "#4B3C1D"
    ),
    mov_the_professional = c(
        "#665E47", "#9D8B76", "#B4775B", "#AD3429", "#6B140B",
        "#B65D35", "#C19029", "#464E29", "#3D4753", "#040001"
    ),
    mov_the_revenant = c(
        "#161B1E", "#262E31", "#7F7C77", "#E8DFE0", "#B0B9C2",
        "#92AFC0", "#4E8BA8", "#103E55", "#0F3F54", "#020E17"
    ),
    mov_the_shining = c(
        "#381D12", "#F89787", "#3C5D37", "#698A91", "#A33D15",
        "#564531", "#2D3743", "#A06F5E", "#5D0C08", "#0D0A03"
    ),
    mov_the_truman_show = c(
        "#0E0B12", "#262431", "#575E70", "#A6A6B0", "#D7D1DB",
        "#BAC1D3", "#A0BAD5", "#859ED2", "#5477AD", "#142F61"
    ),
    mov_thelma_and_louise = c(
        "#333436", "#B57A9E", "#7C585A", "#9894BA", "#68151D",
        "#472C17", "#6D695E", "#CA927B", "#8898B1", "#5E7856"
    ),
)

## Format syntax of palette ID when plotting - not exported
